-1.269946
-0.678939
-0.858148
-0.967943
-1.211064
-7.398389
2.572490
0.641774
-0.452846
-1.593178
0.797688
1.179308
-1.958667
-1.048006
-2.101595
2.098306
3.259898
-0.911818
-2.472818
-3.257274
4.348116
0.881309
-3.478355
-0.171373
1.683346
-1.604345
0.003726
-1.477633
-1.598288
0.122193
2.271905
-3.399262
1.760622
-2.140898
-1.586111
1.285803
-3.614626
0.776091
4.287437
2.470128
-0.996977
2.294916
0.256106
-4.538343
-0.979216
-4.111361
4.726772
3.890671
-3.034273
-1.339231
-4.018658
-1.684844
-1.707839
0.272301
-0.883329
-4.680880
0.336855
4.687147
1.011049
-0.571603
3.229862
0.384167
-2.192270
3.487583
0.342294
-1.153350
-0.939752
-5.384173
-0.619964
1.385090
1.515756
1.668978
0.824547
0.682245
-6.367902
1.961257
-0.191412
-0.731034
-1.807624
-1.657339
2.669821
-3.163622
1.687458
-0.314762
-1.780552
3.834646
-6.469962
1.411783
0.285856
-2.734640
0.135638
2.678427
-5.220797
-2.400107
-1.824826
2.488937
-3.454873
-3.246125
0.826908
-2.342303
-0.279526
0.363364
2.929887
-2.478168
-0.516563
-1.056885
1.458386
1.998101
-1.129326
-1.258685
5.196880
-4.021999
-1.267060
-0.613518
-0.618138
3.451206
4.691792
0.405100
1.709372
-2.865109
1.170243
-2.893240
-3.929878
-2.795158
-1.196304
0.925724
-3.371192
1.498351
-2.336507
-0.712191
1.196309
-3.032590
-3.595247
-0.971876
-3.709292
5.000216
0.126113
-2.927938
0.800905
-3.908350
3.268655
-1.320906
-2.780081
-3.091920
-1.157858
-1.134653
-0.117085
5.774638
-3.723749
-3.022992
1.151414
-2.175575
0.643587
-1.647405
1.760894
1.434114
3.730308
-1.422788
-3.164003
-4.472740
